mov 1 0 5 100
mov 1 0 6 10
mov 1 0 7 50
mov 1 0 8 20
mov 1 0 9 0
clear 0 0 0 0
draw 1 1 5 6
draw 1 1 7 8
+ 1 0 9 1
% 2 0 0 9
mov 1 2 9 0
jif 1 0 9 36
& 2 0 3 1
- 1 2 5 1
mov 2 0 1 1
< 2 0 0 1
jif 2 0 1 18
mov 1 2 5 0
& 2 0 3 2
+ 1 2 5 1
mov 2 0 1 1
> 2 0 0 127
jif 2 0 1 24
mov 1 2 5 0
& 2 0 3 4
- 1 2 6 1
mov 2 0 1 1
< 2 0 0 1
jif 2 0 1 30
mov 1 2 6 0
& 2 0 3 8
+ 1 2 6 1
mov 2 0 1 1
> 2 0 0 38
jif 2 0 1 36
mov 1 2 6 0
mov 2 0 1 1
== 1 1 5 7
== 1 1 6 8
! 2 2 1 1
jif 2 0 1 47
+ 1 0 7 100
% 2 0 0 126
mov 1 2 7 0
+ 1 0 8 100
% 2 0 0 37
mov 1 2 8 0
goto 0 0 5 5
